./data/dataset/train/b63.jpg 157,92,226,194,0 223,67,294,163,0 296,189,345,299,0 130,177,217,271,0 310,130,361,182,1 229,194,285,244,1 144,270,200,325,1 227,265,281,317,1
./data/dataset/train/b162.jpg 134,111,197,215,0 283,82,327,187,0 312,192,381,304,0 183,254,292,310,0 212,140,264,197,1 78,194,131,248,1
./data/dataset/train/b88.jpg 194,60,247,166,0 108,165,215,218,0 295,149,371,248,0 264,144,318,199,1 215,182,268,237,1 144,210,199,262,1 247,274,297,329,1
./data/dataset/train/b348.jpg 102,115,172,214,0 223,183,279,293,0 179,227,234,336,0 172,108,223,162,1 228,77,278,125,1 282,126,333,180,1 328,172,383,231,1
./data/dataset/train/b360.jpg 251,163,316,272,0 134,253,238,314,0 161,96,212,149,1 279,98,330,153,1 185,173,236,226,1 306,230,356,286,1
./data/dataset/train/b406.jpg 325,125,405,222,0 185,149,281,242,0 190,245,295,298,0 201,307,308,359,0 244,98,294,151,1 127,224,179,280,1 305,281,360,336,1
./data/dataset/train/b412.jpg 38,7,112,114,0 94,34,152,150,0 241,61,312,174,0 43,144,120,256,0 157,155,246,260,0 126,177,172,288,0 159,206,233,320,0 79,270,184,337,0
./data/dataset/train/b374.jpg 116,138,221,195,0 227,135,327,211,0 253,262,357,347,0 340,194,393,246,1 205,202,258,253,1 192,274,244,328,1
./data/dataset/train/b228.jpg 187,78,272,168,0 285,142,336,246,0 145,102,190,208,0 186,197,266,291,0 45,201,110,306,0 60,145,111,199,1 94,197,145,247,1 128,271,177,325,1 181,275,235,327,1
./data/dataset/train/b215.jpg 233,124,307,224,0 93,153,176,246,0 188,164,238,271,0 140,73,187,124,1 198,83,253,137,1 62,168,111,218,1 120,255,174,306,1 156,288,212,344,1
./data/dataset/train/b229.jpg 80,112,126,212,0 168,135,244,237,0 245,170,308,278,0 45,213,116,317,0 102,207,206,261,0 209,82,264,133,1 285,177,339,237,1 239,265,290,319,1 128,262,179,317,1 39,161,92,213,1
./data/dataset/train/b413.jpg 16,54,100,163,0 125,25,185,141,0 173,25,234,142,0 238,63,316,176,0 145,196,258,258,0 108,281,223,331,0
./data/dataset/train/b375.jpg 113,170,172,276,0 355,147,399,251,0 257,215,324,325,0 216,107,270,159,1 305,151,360,206,1 214,177,270,231,1
./data/dataset/train/b361.jpg 155,132,245,231,0 301,192,377,301,0 320,120,375,176,1 125,129,175,179,1 244,183,302,237,1 220,258,272,312,1 161,276,216,333,1
./data/dataset/train/b407.jpg 187,92,291,140,0 321,164,395,266,0 159,206,262,262,0 208,258,298,355,0 134,108,192,163,1 278,144,332,201,1 327,256,379,312,1
./data/dataset/train/b349.jpg 208,141,315,204,0 218,256,324,328,0 153,245,239,340,0 161,78,211,127,1 241,70,292,123,1 328,173,382,229,1 166,187,216,239,1
./data/dataset/train/b89.jpg 130,84,188,191,0 258,125,363,176,0 184,194,238,302,0 179,66,228,114,1 235,48,282,103,1 273,179,325,233,1 285,256,342,308,1
./data/dataset/train/b163.jpg 211,59,268,169,0 294,89,368,186,0 109,226,213,301,0 249,247,349,342,0 134,138,185,192,1 214,196,268,249,1
./data/dataset/train/b76.jpg 139,87,238,173,0 135,182,211,288,0 198,198,271,306,0 283,211,357,316,0 251,98,305,152,1 296,136,347,191,1
./data/dataset/train/b62.jpg 155,61,254,138,0 253,65,295,169,0 97,137,175,243,0 251,199,358,271,0 305,132,362,184,1 199,152,251,208,1 179,228,235,281,1 251,254,303,306,1
./data/dataset/train/b74.jpg 179,69,253,172,0 153,177,230,281,0 94,214,194,292,0 271,217,346,325,0 251,69,305,121,1 323,118,374,168,1 256,173,308,224,1
./data/dataset/train/b60.jpg 160,59,253,141,0 239,87,283,194,0 97,136,155,243,0 250,218,355,280,0 307,133,357,183,1 185,231,239,287,1 223,286,278,337,1
./data/dataset/train/b149.jpg 204,65,261,172,0 226,230,277,340,0 149,166,201,225,1 215,180,268,236,1 316,206,372,259,1
./data/dataset/train/b161.jpg 253,81,312,192,0 244,157,348,245,0 137,153,244,223,0 156,209,248,315,0 92,176,144,232,1 214,140,265,194,1
./data/dataset/train/b388.jpg 253,107,324,213,0 167,186,249,292,0 254,291,363,372,0 350,194,401,249,1 116,249,169,305,1 182,313,236,370,1
./data/dataset/train/b439.jpg 124,21,238,72,0 164,58,273,127,0 192,78,301,163,0 202,117,317,188,0 4,95,117,179,0 38,157,90,275,0 53,177,111,296,0 120,192,204,308,0 164,208,276,299,0 223,202,310,313,0 126,287,223,388,0 182,285,259,389,0
./data/dataset/train/b377.jpg 187,137,239,247,0 255,224,362,280,0 210,301,321,346,0 260,115,308,172,1 116,166,167,223,1
./data/dataset/train/b411.jpg 83,26,201,78,0 191,102,307,161,0 200,137,301,232,0 154,126,248,231,0 164,186,232,300,0 15,111,125,187,0 53,130,159,228,0 36,191,146,281,0
./data/dataset/train/b405.jpg 183,95,249,201,0 278,138,325,245,0 281,245,386,296,0 149,272,249,355,0 188,209,242,266,1 363,151,414,208,1
./data/dataset/train/b363.jpg 120,142,164,251,0 219,201,290,316,0 270,89,322,142,1 194,129,247,184,1 287,145,336,197,1 337,196,384,254,1 170,211,223,268,1
./data/dataset/train/b217.jpg 150,137,249,217,0 129,199,179,311,0 132,78,187,132,1 280,144,334,202,1 31,179,81,237,1 194,219,250,275,1
./data/dataset/train/b216.jpg 96,115,196,186,0 64,182,120,288,0 196,262,300,349,0 132,77,187,125,1 283,135,334,192,1 24,180,75,236,1 159,186,215,241,1 147,236,201,289,1
./data/dataset/train/b404.jpg 155,82,258,165,0 270,130,354,231,0 129,167,179,272,0 236,304,347,369,0 188,209,241,266,1 161,275,217,331,1 367,211,417,270,1
./data/dataset/train/b362.jpg 177,77,251,179,0 272,103,362,196,0 227,180,277,237,1 342,167,394,222,1 159,222,214,283,1 304,232,355,288,1 223,287,279,344,1
./data/dataset/train/b376.jpg 287,148,389,230,0 110,168,162,281,0 185,295,296,349,0 156,104,208,157,1
./data/dataset/train/b410.jpg 155,114,217,222,0 256,107,320,216,0 325,111,404,212,0 282,222,390,303,0 257,257,310,314,1 159,273,212,329,1 197,315,251,370,1
./data/dataset/train/b438.jpg 135,2,242,69,0 139,41,249,99,0 153,78,264,135,0 160,107,271,176,0 37,79,149,150,0 113,114,220,194,0 23,125,120,231,0 23,161,117,269,0 71,156,164,262,0 173,186,283,274,0 135,185,244,274,0 253,194,324,311,0 82,257,194,323,0 187,272,300,333,0 40,265,147,345,0 179,312,281,410,0
./data/dataset/train/b389.jpg 354,167,400,278,0 179,148,282,228,0 158,212,264,298,0 209,80,265,134,1 179,290,234,348,1 262,315,320,370,1
./data/dataset/train/b160.jpg 244,78,296,188,0 327,167,381,277,0 154,95,227,202,0 190,229,258,338,0 194,136,244,189,1 93,184,146,245,1
./data/dataset/train/b148.jpg 204,64,261,177,0 187,222,288,311,0 317,202,371,259,1 217,181,271,238,1 95,203,154,261,1
./data/dataset/train/b61.jpg 160,59,256,142,0 236,87,294,195,0 249,217,360,281,0 100,134,156,244,0 179,154,232,214,1 307,128,360,186,1 187,229,241,288,1 219,277,276,335,1
./data/dataset/train/b75.jpg 114,108,218,184,0 218,151,270,259,0 132,186,216,287,0 277,200,360,318,0 190,89,242,142,1 247,91,300,144,1 278,154,335,213,1
./data/dataset/train/b59.jpg 199,107,276,206,0 145,132,231,231,0 256,213,367,263,0 280,122,331,182,1 154,223,211,280,1 231,258,287,316,1
./data/dataset/train/b71.jpg 192,58,257,164,0 317,132,371,244,0 217,243,321,345,0 253,102,308,158,1 251,180,306,237,1 152,149,208,204,1 154,228,208,287,1
./data/dataset/train/b65.jpg 203,59,253,171,0 270,99,357,201,0 97,225,194,325,0 215,183,266,242,1 149,194,205,255,1 301,213,356,275,1 230,257,286,317,1
./data/dataset/train/b170.jpg 275,72,362,172,0 260,150,355,246,0 226,166,268,278,0 104,172,194,276,0 164,104,221,163,1 203,285,261,344,1
./data/dataset/train/b164.jpg 295,115,357,227,0 194,124,260,238,0 110,177,223,226,0 219,258,335,340,0 150,134,208,187,1 199,251,253,315,1
./data/dataset/train/b158.jpg 238,124,340,210,0 115,176,187,286,0 130,67,187,124,1 200,136,253,195,1 184,212,236,268,1 295,240,350,298,1
./data/dataset/train/b399.jpg 313,169,393,271,0 191,166,280,262,0 176,240,235,351,0 114,244,169,304,1 238,268,289,325,1
./data/dataset/train/b414.jpg 232,59,313,169,0 16,52,104,165,0 109,26,173,140,0 164,28,216,141,0 191,151,302,233,0 144,188,259,257,0 60,168,115,284,0 105,281,224,333,0
./data/dataset/train/b372.jpg 268,142,358,234,0 219,197,275,311,0 134,182,203,295,0 215,106,268,163,1 296,247,349,305,1 363,168,414,229,1
./data/dataset/train/b366.jpg 123,136,219,222,0 287,200,377,303,0 338,125,404,234,0 204,48,257,110,1 251,138,309,196,1 230,196,285,256,1 122,225,177,281,1 184,276,242,336,1
./data/dataset/train/b400.jpg 170,105,273,185,0 102,121,202,202,0 304,212,378,320,0 238,177,294,236,1 282,269,334,331,1
./data/dataset/train/b428.jpg 182,30,286,114,0 140,22,236,119,0 202,108,313,164,0 168,117,246,232,0 233,174,319,283,0
./data/dataset/train/b212.jpg 115,62,209,152,0 217,156,309,257,0 94,183,192,259,0 223,97,280,150,1 62,127,114,181,1 192,152,244,204,1 66,241,114,296,1 158,265,212,325,1 246,253,298,314,1
./data/dataset/train/b213.jpg 70,117,158,212,0 120,118,200,219,0 231,139,315,240,0 112,63,166,115,1 228,120,279,173,1 159,231,214,289,1 79,280,134,340,1 144,286,194,342,1 248,254,300,310,1
./data/dataset/train/b429.jpg 142,17,254,89,0 68,43,153,153,0 162,121,234,234,0 129,230,227,335,0 208,196,276,316,0 247,162,320,283,0
./data/dataset/train/b367.jpg 268,121,374,170,0 280,248,378,342,0 108,176,218,245,0 183,108,236,166,1 342,192,394,248,1 120,225,182,286,1
./data/dataset/train/b401.jpg 244,98,325,202,0 154,180,253,261,0 129,204,192,313,0 262,215,318,270,1 272,269,323,328,1
./data/dataset/train/b415.jpg 234,60,309,169,0 166,25,221,138,0 75,18,164,124,0 104,55,181,167,0 10,55,104,156,0 48,135,154,216,0 192,151,300,227,0 149,210,260,255,0 53,185,110,301,0 105,281,219,325,0
./data/dataset/train/b373.jpg 271,139,360,237,0 223,198,277,307,0 134,186,200,292,0 215,108,264,161,1 363,173,414,226,1 297,251,350,305,1
./data/dataset/train/b398.jpg 108,141,175,244,0 188,163,292,231,0 172,240,268,330,0 208,84,260,143,1 122,249,177,306,1
./data/dataset/train/b159.jpg 261,128,367,192,0 155,96,226,201,0 216,138,265,192,1 96,187,149,241,1 238,214,292,266,1 158,272,209,325,1
./data/dataset/train/b165.jpg 213,59,285,161,0 288,151,374,245,0 149,119,246,201,0 230,261,337,338,0 112,168,164,223,1 202,253,250,306,1
./data/dataset/train/b64.jpg 220,70,306,162,0 113,129,181,236,0 259,177,340,278,0 309,133,360,184,1 200,182,253,238,1 140,265,189,317,1 221,286,274,340,1
./data/dataset/train/b70.jpg 320,135,372,243,0 219,249,316,346,0 253,104,308,155,1 153,151,205,204,1 250,186,306,238,1 156,232,208,286,1
./data/dataset/train/b58.jpg 96,147,196,203,0 234,100,297,207,0 239,227,343,278,0 276,145,325,199,1 153,237,208,289,1 197,287,253,343,1
./data/dataset/train/b66.jpg 140,96,247,159,0 226,115,331,180,0 134,270,230,352,0 203,173,245,231,1 279,177,334,237,1 150,215,202,266,1 238,247,290,306,1
./data/dataset/train/b72.jpg 253,62,350,153,0 84,118,144,223,0 142,61,219,163,0 177,217,231,330,0 171,155,221,208,1 226,166,275,217,1 316,159,367,215,1 261,255,316,312,1
./data/dataset/train/b167.jpg 155,94,213,192,0 249,105,339,197,0 149,172,256,239,0 245,237,352,287,0 194,241,246,292,1 139,259,191,313,1
./data/dataset/train/b99.jpg 238,77,327,168,0 208,169,315,225,0 291,150,372,251,0 108,141,155,251,0 150,107,203,156,1 164,213,219,265,1 291,249,343,299,1
./data/dataset/train/b403.jpg 273,114,374,162,0 125,99,211,192,0 250,164,308,270,0 231,306,340,366,0 356,236,411,288,1 127,227,181,277,1
./data/dataset/train/b365.jpg 295,158,391,243,0 176,181,270,274,0 257,214,345,316,0 319,111,374,156,1 257,123,309,173,1 131,120,189,169,1 115,173,164,225,1 140,254,192,311,1
./data/dataset/train/b371.jpg 333,119,396,227,0 259,124,348,221,0 147,152,253,201,0 272,233,330,287,1 214,238,268,293,1 161,268,215,320,1
./data/dataset/train/b417.jpg 140,40,217,148,0 104,98,166,210,0 164,108,273,192,0 203,168,317,218,0 93,167,189,271,0 95,210,208,304,0 189,208,312,277,0
./data/dataset/train/b359.jpg 145,118,203,222,0 216,149,325,226,0 235,68,290,119,1 327,124,382,174,1 360,182,416,242,1 223,246,275,299,1
./data/dataset/train/b211.jpg 177,76,258,174,0 114,124,206,213,0 88,187,192,256,0 254,128,306,180,1 56,151,110,199,1 271,182,321,238,1 65,242,115,296,1 158,268,213,321,1 234,270,289,319,1
./data/dataset/train/b239.jpg 182,112,232,216,0 73,123,120,225,0 55,245,143,340,0 247,108,296,163,0 259,186,306,241,1 135,209,188,260,1 191,290,248,344,1
./data/dataset/train/b238.jpg 132,128,234,185,0 82,134,150,233,0 46,212,117,314,0 179,181,221,284,0 249,108,296,159,1 117,239,168,291,1 257,249,308,303,1 183,277,235,330,1
./data/dataset/train/b358.jpg 179,140,232,249,0 233,149,337,198,0 304,100,357,153,1 337,247,387,298,1 130,261,177,311,1 219,295,273,346,1
./data/dataset/train/b370.jpg 113,199,188,306,0 247,179,295,288,0 300,135,376,236,0 236,56,288,105,1 157,90,211,144,1 293,262,349,319,1
./data/dataset/train/b416.jpg 239,58,312,168,0 168,65,249,177,0 153,25,220,140,0 98,57,176,164,0 70,21,164,127,0 7,54,105,157,0 49,136,159,219,0 198,157,310,230,0 146,210,261,261,0 53,184,107,299,0 107,280,220,336,0
./data/dataset/train/b402.jpg 135,98,218,191,0 233,307,339,358,0 281,163,333,216,1 357,238,412,291,1
./data/dataset/train/b364.jpg 205,129,308,186,0 119,181,179,288,0 263,246,369,312,0 185,79,239,129,1 268,50,318,103,1 321,83,375,137,1 315,163,366,216,1 223,180,276,237,1
./data/dataset/train/b98.jpg 309,108,377,211,0 200,61,292,151,0 93,91,172,187,0 229,136,301,239,0 162,170,212,219,1 238,259,289,313,1 130,251,184,304,1
./data/dataset/train/b73.jpg 254,62,349,150,0 189,88,246,195,0 85,114,142,221,0 176,223,230,329,0 243,157,298,210,1 315,163,371,217,1 261,260,313,312,1
./data/dataset/train/b67.jpg 172,65,223,168,0 120,96,184,202,0 125,223,231,289,0 250,135,303,191,1 233,185,283,241,1 296,188,351,243,1 266,239,319,293,1
./data/dataset/train/b14.jpg 166,104,272,196,0 128,143,176,256,0 159,229,244,342,0 108,33,162,84,1 70,67,123,126,1 81,126,135,177,1 83,176,138,234,1 200,79,256,133,1 164,156,218,210,1 161,209,215,262,1 264,169,321,226,1 125,251,177,306,1
./data/dataset/train/b28.jpg 123,27,175,135,0 82,96,150,216,0 149,96,221,206,0 186,200,307,250,0 71,28,128,81,1 52,125,109,185,1 42,173,98,231,1 82,214,142,263,1 80,252,131,307,1 127,241,184,300,1 155,285,214,338,1 209,35,262,93,1 251,67,304,123,1 226,108,275,167,1 283,110,343,174,1 186,147,245,205,1 253,150,309,206,1
./data/dataset/train/b129.jpg 164,101,216,207,0 215,188,312,280,0 292,129,346,186,1 167,200,221,250,1 262,261,315,315,1
./data/dataset/train/b101.jpg 260,69,327,174,0 316,111,363,220,0 125,118,232,179,0 134,187,230,267,0 156,70,209,126,1 202,147,251,197,1 175,268,232,323,1
./data/dataset/train/b115.jpg 141,68,197,175,0 236,99,316,199,0 241,201,291,306,0 226,56,283,104,1 324,218,377,271,1 166,187,217,241,1 122,238,176,295,1 184,289,242,340,1
./data/dataset/train/b459.jpg 95,14,166,128,0 246,0,302,107,0 68,58,143,169,0 16,103,105,211,0 31,176,140,252,0 120,119,181,231,0 56,247,166,328,0 135,197,246,264,0 239,172,312,280,0 164,163,279,211,0
./data/dataset/train/b303.jpg 120,83,219,140,0 205,139,312,186,0 167,140,218,243,0 143,264,198,317,1 67,282,124,335,1 196,308,250,359,1
./data/dataset/train/b317.jpg 209,119,283,222,0 96,233,203,282,0 114,119,167,172,1 75,166,123,219,1 275,149,323,203,1
./data/dataset/train/b288.jpg 258,123,305,233,0 187,104,239,209,0 109,157,161,265,0 146,325,253,375,0 143,239,199,290,1 224,285,277,340,1
./data/dataset/train/b277.jpg 227,190,332,235,0 157,201,258,275,0 102,209,156,264,1 123,297,172,351,1 194,294,249,351,1
./data/dataset/train/b263.jpg 159,196,262,249,0 289,187,335,297,0 123,134,177,189,1 63,169,112,221,1 93,256,145,311,1 166,289,220,342,1 246,276,300,330,1
./data/dataset/train/b505.jpg 162,109,220,214,0 43,172,149,233,0 194,222,303,297,0 109,250,175,366,0
./data/dataset/train/b262.jpg 166,132,249,228,0 206,182,312,241,0 116,241,217,297,0 98,77,149,129,1 257,110,306,160,1 79,120,127,172,1 73,258,127,310,1 175,294,230,348,1
./data/dataset/train/b504.jpg 167,108,247,208,0 54,128,152,209,0 187,222,283,315,0 78,226,160,339,0
./data/dataset/train/b276.jpg 238,157,338,231,0 132,190,221,285,0 175,68,231,120,1 117,81,167,133,1 191,289,249,342,1
./data/dataset/train/b289.jpg 184,100,288,171,0 150,123,199,231,0 56,236,135,336,0 143,315,258,366,0 105,154,157,206,1 202,205,256,253,1 270,164,323,221,1
./data/dataset/train/b316.jpg 187,123,296,177,0 149,241,224,347,0 90,132,141,187,1 289,145,346,201,1 102,312,159,369,1
./data/dataset/train/b302.jpg 120,82,224,140,0 187,166,256,267,0 232,235,334,305,0 65,175,116,230,1 75,251,127,301,1 194,305,247,357,1
./data/dataset/train/b458.jpg 87,58,141,172,0 122,116,170,231,0 20,101,105,204,0 26,175,140,254,0 168,158,280,211,0 235,172,312,281,0 135,198,246,262,0 57,248,159,332,0
./data/dataset/train/b114.jpg 232,83,278,189,0 251,189,354,235,0 92,167,188,241,0 149,119,202,167,1 272,147,325,201,1 155,163,209,211,1 253,228,305,281,1 218,280,273,335,1
./data/dataset/train/b100.jpg 141,99,217,197,0 323,175,379,281,0 220,167,278,275,0 238,228,312,333,0 243,115,294,167,1 303,110,353,167,1 149,251,200,307,1
./data/dataset/train/b128.jpg 97,102,154,208,0 224,274,331,337,0 198,45,248,92,1 177,146,232,203,1 257,147,312,204,1
./data/dataset/train/b29.jpg 164,48,273,129,0 88,141,162,251,0 96,89,153,145,1 188,112,247,163,1 37,122,97,176,1 3,161,58,219,1 138,131,191,185,1 149,178,209,235,1 205,167,263,222,1 85,252,143,307,1 82,185,138,250,1 141,236,196,293,1 191,221,245,281,1 243,211,301,273,1 159,285,218,340,1
./data/dataset/train/b15.jpg 161,119,251,222,0 162,219,227,334,0 142,66,199,115,1 203,108,263,161,1 239,149,295,205,1 124,99,176,149,1 95,140,150,197,1 138,156,194,211,1 85,189,143,244,1 142,208,199,260,1 71,241,129,295,1 124,253,179,311,1
./data/dataset/train/b17.jpg 64,87,153,188,0 231,113,312,217,0 218,209,304,313,0 42,166,134,268,0 78,193,149,305,0 120,36,174,87,1 174,33,228,86,1 145,78,202,130,1 124,137,183,188,1 197,134,249,189,1 274,101,331,155,1 170,176,224,229,1 226,179,280,233,1 129,215,185,272,1 179,232,238,290,1
./data/dataset/train/b116.jpg 135,89,186,194,0 260,74,325,176,0 230,156,338,220,0 301,74,352,123,1 161,184,211,236,1 156,235,213,285,1 235,208,292,261,1 241,263,292,315,1
./data/dataset/train/b102.jpg 116,70,209,154,0 143,152,228,248,0 261,146,355,241,0 259,118,310,167,1 182,194,241,249,1 259,251,315,307,1
./data/dataset/train/b328.jpg 202,124,247,231,0 157,247,262,315,0 206,295,312,345,0 270,107,321,161,1 124,199,176,254,1 328,204,384,259,1
./data/dataset/train/b314.jpg 213,211,266,321,0 164,273,256,367,0 221,100,274,155,1 81,137,135,189,1 101,294,156,347,1
./data/dataset/train/b300.jpg 189,118,293,177,0 268,221,345,326,0 154,239,216,348,0 104,172,206,246,0 110,112,166,163,1 253,184,306,235,1 134,308,189,358,1
./data/dataset/train/b248.jpg 155,155,249,241,0 71,248,168,312,0 58,115,113,166,1 164,93,216,145,1 250,201,306,256,1 166,283,216,337,1
./data/dataset/train/b506.jpg 146,110,196,217,0 202,216,306,268,0 31,206,135,251,0 135,271,182,380,0
./data/dataset/train/b260.jpg 164,81,261,164,0 90,207,174,305,0 294,167,347,218,1 116,131,167,182,1 92,190,145,239,1 194,226,248,275,1 196,315,253,367,1
./data/dataset/train/b274.jpg 172,164,277,246,0 211,241,316,304,0 111,78,161,128,1 191,123,246,176,1 78,128,129,178,1 48,252,107,305,1
./data/dataset/train/b275.jpg 101,199,204,268,0 50,219,119,325,0 114,80,167,130,1 159,112,209,161,1 226,197,283,249,1 209,293,262,347,1
./data/dataset/train/b507.jpg 102,123,171,230,0 192,192,298,254,0 37,232,141,310,0 154,273,229,382,0
./data/dataset/train/b261.jpg 87,154,185,219,0 205,268,309,312,0 161,228,213,284,0 48,190,97,241,1 96,207,143,252,1 141,139,194,187,1
./data/dataset/train/b249.jpg 120,131,223,178,0 215,236,268,343,0 50,205,101,256,1 122,231,175,291,1 272,186,324,239,1
./data/dataset/train/b301.jpg 181,116,272,208,0 286,189,346,300,0 80,221,153,326,0 149,229,250,303,0 61,175,113,229,1 146,155,204,207,1 174,312,230,365,1
./data/dataset/train/b315.jpg 172,116,271,186,0 192,184,301,246,0 139,214,187,327,0 90,131,141,186,1 95,313,152,368,1 162,332,218,385,1
./data/dataset/train/b329.jpg 149,140,247,187,0 332,166,382,271,0 114,199,217,267,0 249,156,306,210,1 253,236,303,291,1 116,262,171,313,1
./data/dataset/train/b103.jpg 197,70,295,129,0 170,148,268,225,0 280,197,374,288,0 268,128,316,181,1 128,206,181,259,1 230,283,289,335,1
./data/dataset/train/b117.jpg 99,75,187,171,0 250,111,303,221,0 268,238,363,325,0 187,107,241,155,1 313,171,366,224,1 176,177,231,228,1 135,217,191,274,1 171,276,224,332,1
./data/dataset/train/b16.jpg 53,33,156,120,0 22,108,130,182,0 164,119,253,224,0 36,155,109,271,0 166,217,234,332,0 150,51,208,109,1 120,98,176,147,1 105,144,155,199,1 209,108,264,161,1 246,147,294,205,1 150,158,206,216,1 87,197,143,249,1 146,211,204,262,1 75,246,125,303,1 124,254,176,315,1
./data/dataset/train/b12.jpg 131,60,206,173,0 31,100,144,172,0 228,140,325,237,0 21,167,132,224,0 130,217,205,332,0 172,29,234,82,1 66,56,128,111,1 236,69,294,128,1 183,80,241,131,1 216,133,277,187,1 153,174,215,231,1 241,220,302,280,1 90,200,149,254,1 168,267,228,326,1
./data/dataset/train/b113.jpg 187,129,296,177,0 95,160,196,219,0 223,234,307,336,0 286,62,336,121,1 194,85,245,142,1 144,196,199,252,1 249,186,304,239,1 273,269,325,327,1
./data/dataset/train/b107.jpg 164,105,246,206,0 214,140,312,231,0 215,236,322,300,0 271,100,320,151,1 113,175,164,229,1 172,270,227,328,1 279,264,334,318,1
./data/dataset/train/b311.jpg 123,170,226,214,0 149,213,263,277,0 293,180,339,290,0 92,302,198,378,0 45,203,94,257,1 109,261,161,313,1 236,290,291,351,1
./data/dataset/train/b305.jpg 130,119,209,219,0 98,221,143,330,0 140,321,251,370,0 235,100,282,155,1 301,177,357,234,1 286,260,340,320,1
./data/dataset/train/b339.jpg 187,105,261,206,0 229,162,322,259,0 337,150,387,206,1 116,157,167,213,1 135,248,196,302,1 238,278,293,330,1
./data/dataset/train/b503.jpg 175,125,283,211,0 88,97,179,197,0 56,206,157,305,0 183,225,263,331,0
./data/dataset/train/b271.jpg 110,139,175,248,0 181,206,229,311,0 169,63,219,114,1 94,89,143,143,1 64,216,119,273,1 283,177,334,227,1 279,225,332,277,1
./data/dataset/train/b259.jpg 88,103,174,201,0 155,204,262,274,0 101,290,208,359,0 143,105,197,154,1 60,151,108,204,1 90,182,142,230,1 227,151,278,209,1 268,231,323,289,1
./data/dataset/train/b258.jpg 95,110,188,197,0 247,192,313,302,0 66,249,149,346,0 177,104,230,157,1 54,149,109,202,1 125,196,177,248,1 287,192,335,246,1
./data/dataset/train/b270.jpg 143,153,224,257,0 57,204,152,286,0 69,263,164,360,0 132,103,183,156,1 71,144,124,198,1 251,136,303,192,1 268,222,320,273,1 249,275,303,330,1
./data/dataset/train/b264.jpg 114,98,164,206,0 102,227,184,330,0 78,129,128,179,1 64,231,120,283,1 208,157,263,213,1 189,255,243,310,1 283,208,333,261,1
./data/dataset/train/b502.jpg 158,77,205,180,0 200,179,312,240,0 39,179,145,238,0 158,239,211,348,0
./data/dataset/train/b338.jpg 216,194,268,303,0 310,212,391,313,0 138,198,191,254,1 188,102,244,157,1 273,109,325,163,1 336,154,387,209,1
./data/dataset/train/b304.jpg 164,91,235,194,0 49,189,102,296,0 101,204,174,310,0 288,173,336,233,1 152,238,204,296,1 277,236,331,291,1
./data/dataset/train/b310.jpg 60,167,116,277,0 172,232,280,290,0 188,141,239,198,1 303,183,355,237,1 164,332,220,387,1
./data/dataset/train/b106.jpg 155,111,261,169,0 245,108,307,214,0 132,197,241,254,0 138,75,188,125,1 174,237,230,296,1 254,210,307,265,1 316,187,368,243,1
./data/dataset/train/b112.jpg 111,115,186,215,0 190,125,297,182,0 321,164,378,266,0 149,75,198,126,1 257,66,309,122,1 107,256,164,307,1 153,219,202,271,1 238,232,290,289,1
./data/dataset/train/b13.jpg 199,94,294,206,0 114,37,176,149,0 88,246,203,319,0 24,66,77,123,1 78,43,132,94,1 65,91,120,141,1 147,68,204,122,1 159,124,213,182,1 107,144,162,202,1 259,52,316,108,1 263,163,323,222,1 155,289,215,346,1
./data/dataset/train/b39.jpg 206,40,259,155,0 254,102,317,216,0 141,130,192,246,0 31,192,145,261,0 171,244,285,328,0 150,78,206,136,1 176,132,231,187,1 183,187,242,241,1 170,234,228,287,1 128,266,182,319,1 81,227,137,281,1 96,135,150,191,1
./data/dataset/train/b11.jpg 34,99,149,151,0 19,168,134,224,0 134,212,204,333,0 224,140,328,234,0 65,51,129,112,1 174,29,234,83,1 177,82,230,138,1 233,68,293,128,1 209,130,266,186,1 90,199,149,253,1 244,219,298,273,1 174,266,229,325,1
./data/dataset/train/b104.jpg 168,104,268,191,0 273,152,327,259,0 179,204,238,315,0 219,60,270,114,1 96,207,152,263,1 216,172,268,231,1
./data/dataset/train/b110.jpg 316,135,367,246,0 124,110,226,186,0 194,150,302,204,0 152,284,261,338,0 199,58,251,106,1 119,105,168,154,1 227,192,282,245,1 134,234,189,285,1 279,259,333,311,1
./data/dataset/train/b138.jpg 153,109,218,214,0 218,127,324,204,0 137,218,223,316,0 250,69,305,122,1 110,219,160,268,1 243,238,296,296,1 301,180,353,237,1
./data/dataset/train/b306.jpg 64,234,132,338,0 135,242,228,338,0 125,176,232,231,0 88,126,142,179,1 246,272,301,325,1 280,234,334,288,1
./data/dataset/train/b460.jpg 109,15,179,125,0 179,16,228,126,0 213,50,283,162,0 80,53,149,166,0 24,103,111,208,0 135,118,196,229,0 38,176,147,254,0 175,155,295,208,0 68,240,181,315,0 143,191,254,270,0 241,166,320,272,0
./data/dataset/train/b312.jpg 173,98,270,177,0 62,155,119,266,0 96,177,200,251,0 246,153,305,260,0 211,286,318,330,0 307,184,360,238,1 183,230,232,283,1 141,268,190,319,1
./data/dataset/train/b448.jpg 28,128,97,240,0 99,62,185,165,0 182,25,244,138,0
./data/dataset/train/b299.jpg 139,115,205,219,0 169,219,257,320,0 107,290,217,345,0 72,176,123,284,0 57,130,110,179,1 228,201,285,249,1 276,145,331,203,1
./data/dataset/train/b272.jpg 156,120,247,210,0 173,177,229,287,0 251,141,301,192,1 236,189,293,244,1 229,275,288,333,1 95,301,152,355,1 90,90,140,148,1
./data/dataset/train/b500.jpg 96,79,175,180,0 182,70,245,177,0 208,136,315,199,0 205,201,309,291,0 175,232,236,335,0 107,225,179,336,0 50,200,158,283,0 53,143,156,202,0
./data/dataset/train/b266.jpg 205,117,303,195,0 60,251,164,322,0 124,126,179,177,1 137,181,188,236,1 208,227,262,283,1 281,208,334,265,1 189,296,243,351,1
./data/dataset/train/b501.jpg 141,71,191,175,0 189,110,290,192,0 200,201,310,256,0 49,115,149,196,0 37,194,142,239,0 175,229,260,328,0 141,238,192,345,0 65,221,157,313,0
./data/dataset/train/b267.jpg 58,167,105,271,0 152,190,253,270,0 268,143,323,193,1 153,145,204,197,1 257,211,312,263,1 81,219,139,271,1 197,285,253,342,1
./data/dataset/train/b273.jpg 60,182,162,229,0 122,224,215,313,0 68,107,122,154,1 112,134,166,186,1 183,169,232,222,1 235,164,288,217,1 285,192,339,243,1
./data/dataset/train/b298.jpg 56,150,131,248,0 162,171,264,232,0 236,193,342,265,0 179,259,239,367,0 149,90,203,140,1 65,237,120,285,1 232,295,281,354,1
./data/dataset/train/b449.jpg 93,107,198,197,0 84,173,196,248,0
./data/dataset/train/b313.jpg 65,152,117,260,0 211,283,316,326,0 177,149,235,200,1 304,185,357,237,1 135,265,196,323,1
./data/dataset/train/b307.jpg 114,225,218,298,0 245,247,331,354,0 122,293,226,357,0 117,82,166,141,1 88,130,140,181,1 298,176,353,231,1
./data/dataset/train/b139.jpg 194,88,243,194,0 213,196,281,303,0 247,70,305,122,1 270,158,327,218,1 320,197,374,253,1 93,174,145,226,1 92,221,146,275,1
./data/dataset/train/b111.jpg 228,68,328,134,0 130,120,183,229,0 262,216,365,294,0 183,43,239,93,1 215,144,273,197,1 286,177,342,228,1 204,231,259,282,1 120,249,172,297,1
./data/dataset/train/b105.jpg 226,112,303,216,0 124,146,219,243,0 177,237,283,317,0 153,56,206,107,1 309,125,363,179,1 92,163,145,215,1
./data/dataset/train/b38.jpg 203,44,253,157,0 257,102,316,216,0 129,135,206,241,0 36,190,149,260,0 146,68,205,120,1 96,68,149,120,1 33,101,90,155,1 164,112,215,166,1 55,147,109,203,1 188,162,247,218,1 87,228,141,285,1 198,233,257,286,1 149,250,206,304,1
./data/dataset/train/b21.jpg 187,111,243,222,0 247,161,316,271,0 107,29,167,86,1 65,51,123,109,1 135,122,192,175,1 257,107,316,162,1 219,143,275,201,1 33,133,88,187,1 128,182,194,239,1 49,185,105,244,1 206,256,266,318,1 66,238,123,296,1
./data/dataset/train/b35.jpg 228,171,327,273,0 155,126,243,231,0 18,184,135,243,0 205,39,260,96,1 171,85,227,143,1 223,83,278,143,1 229,142,290,199,1 105,161,170,216,1 194,190,253,247,1 39,230,101,285,1 125,217,184,273,1 170,243,228,303,1
./data/dataset/train/b108.jpg 261,101,342,197,0 191,140,275,237,0 154,144,227,248,0 143,74,197,128,1 303,137,361,197,1 124,158,181,214,1 153,263,209,315,1
./data/dataset/train/b120.jpg 128,71,202,169,0 223,89,323,172,0 327,160,382,270,0 253,236,310,286,1
./data/dataset/train/b134.jpg 123,174,226,249,0 149,113,199,163,1 259,147,316,197,1 295,197,352,250,1 250,274,309,327,1
./data/dataset/train/b444.jpg 92,4,203,81,0 129,24,236,112,0 173,71,277,167,0 41,69,119,185,0 135,171,246,260,0 197,214,300,318,0 98,203,155,323,0
./data/dataset/train/b322.jpg 175,226,271,315,0 256,246,342,349,0 97,258,173,365,0 286,131,342,186,1 93,172,145,226,1
./data/dataset/train/b336.jpg 122,75,218,155,0 250,99,320,206,0 337,160,392,214,1 124,161,173,215,1 218,219,273,276,1 268,281,324,334,1
./data/dataset/train/b450.jpg 145,6,202,117,0 175,97,256,211,0 199,130,268,243,0
./data/dataset/train/b295.jpg 204,101,294,197,0 231,203,336,261,0 129,190,175,300,0 123,274,227,350,0 64,267,140,375,0 128,123,176,178,1 291,258,347,312,1
./data/dataset/train/b281.jpg 176,122,268,219,0 256,149,325,252,0 128,223,232,299,0 78,277,182,357,0 242,283,298,341,1
./data/dataset/train/b256.jpg 149,112,224,207,0 236,163,285,273,0 52,209,125,315,0 171,246,221,357,0 101,71,155,122,1 168,59,219,107,1 97,188,149,244,1 279,201,333,256,1
./data/dataset/train/b242.jpg 46,146,112,246,0 107,176,192,271,0 231,200,304,305,0 139,133,194,185,1 280,124,336,182,1 110,286,167,339,1
./data/dataset/train/b243.jpg 123,133,166,240,0 206,197,310,251,0 53,199,135,294,0 184,120,241,178,1 53,150,109,206,1 173,260,229,317,1
./data/dataset/train/b257.jpg 218,125,264,229,0 174,156,226,261,0 61,244,143,338,0 139,237,189,344,0 261,101,313,155,1 124,134,176,187,1 56,150,111,197,1 90,192,141,248,1 238,247,293,301,1
./data/dataset/train/b280.jpg 109,82,209,143,0 95,175,198,228,0 262,173,327,282,0 205,194,292,293,0 155,301,211,359,1
./data/dataset/train/b294.jpg 138,90,228,182,0 55,154,109,262,0 107,157,164,263,0 167,163,263,252,0 213,278,315,362,0 264,146,317,203,1 128,275,185,332,1
./data/dataset/train/b337.jpg 112,137,187,243,0 176,233,283,288,0 235,98,291,152,1 192,161,248,216,1 280,145,333,197,1 318,228,375,284,1
./data/dataset/train/b451.jpg 246,197,307,311,0 202,175,261,292,0 108,177,172,294,0 130,275,242,335,0
./data/dataset/train/b445.jpg 204,18,307,114,0 205,55,307,150,0 66,74,154,184,0 123,78,236,157,0 155,118,270,189,0 90,192,153,312,0
./data/dataset/train/b323.jpg 219,104,310,199,0 315,197,389,305,0 150,238,235,338,0 220,211,279,261,1 108,175,157,231,1
./data/dataset/train/b135.jpg 113,111,177,219,0 198,125,256,182,1 298,175,354,226,1 259,268,317,324,1 149,274,206,327,1
./data/dataset/train/b121.jpg 184,89,232,199,0 249,166,358,230,0 183,226,238,279,1
./data/dataset/train/b109.jpg 228,182,332,251,0 194,161,298,238,0 168,141,266,214,0 182,112,236,162,1 135,137,187,188,1 283,222,342,276,1 149,228,208,285,1
./data/dataset/train/b34.jpg 229,197,325,308,0 144,122,251,215,0 92,109,146,217,0 25,187,141,250,0 217,56,277,111,1 250,92,309,146,1 124,59,184,111,1 172,85,228,141,1 223,149,285,188,1 175,186,235,238,1 41,103,98,152,1 48,154,110,206,1 69,251,127,306,1 124,236,182,291,1 170,268,229,322,1
./data/dataset/train/b20.jpg 140,48,205,160,0 209,129,321,211,0 145,172,256,254,0 95,177,205,264,0 131,252,249,319,0 104,34,159,80,1 56,60,110,111,1 96,81,154,132,1 16,90,75,142,1 84,128,144,182,1 28,137,90,193,1 38,187,100,239,1 176,83,235,133,1 161,131,220,182,1 229,97,290,149,1
./data/dataset/train/b36.jpg 245,98,307,205,0 152,143,203,258,0 28,177,142,230,0 191,33,245,87,1 88,80,146,134,1 152,93,208,150,1 209,78,268,131,1 198,126,256,177,1 188,178,250,232,1 100,132,164,185,1 68,222,129,279,1 160,271,219,327,1
./data/dataset/train/b22.jpg 250,161,317,271,0 184,115,263,222,0 130,12,187,67,1 87,39,144,93,1 46,66,97,117,1 208,50,264,103,1 160,96,220,143,1 73,104,128,157,1 31,134,84,186,1 98,172,155,226,1 42,189,97,248,1 128,214,184,271,1 66,243,123,300,1 202,259,266,315,1 259,110,316,156,1 231,152,285,201,1 141,142,197,197,1
./data/dataset/train/b137.jpg 101,149,206,224,0 213,130,320,199,0 251,67,305,121,1 113,224,162,280,1 280,199,336,253,1 238,253,291,310,1
./data/dataset/train/b123.jpg 175,167,279,233,0 242,180,305,293,0 236,120,292,172,1 187,225,245,283,1
./data/dataset/train/b309.jpg 90,96,196,166,0 253,221,317,330,0 57,200,108,258,1 179,209,232,263,1 304,203,361,261,1
./data/dataset/train/b453.jpg 54,124,105,238,0 120,87,224,186,0 114,142,224,236,0 64,233,176,283,0 154,187,250,296,0 196,174,307,262,0
./data/dataset/train/b335.jpg 238,102,343,177,0 186,216,295,288,0 161,120,218,173,1 110,208,164,262,1 187,296,241,355,1 294,260,351,316,1
./data/dataset/train/b321.jpg 68,135,127,245,0 138,89,241,145,0 227,232,336,296,0 232,108,285,166,1 280,167,336,222,1
./data/dataset/train/b447.jpg 11,117,65,229,0 68,23,179,90,0 214,40,317,142,0 109,247,223,318,0
./data/dataset/train/b282.jpg 113,165,219,234,0 229,196,334,258,0 66,254,164,343,0 177,257,234,372,0 245,117,298,173,1
./data/dataset/train/b296.jpg 122,85,223,156,0 122,164,199,270,0 177,251,283,331,0 62,233,127,338,0 213,162,303,255,0 77,103,129,155,1 294,234,346,292,1
./data/dataset/train/b269.jpg 116,200,220,248,0 171,251,276,303,0 99,114,150,163,1 236,152,289,204,1 288,119,337,176,1 57,261,110,319,1 120,296,169,352,1
./data/dataset/train/b241.jpg 75,122,114,229,0 134,77,208,173,0 166,162,272,244,0 182,115,236,173,1 111,176,162,230,1 265,199,320,255,1
./data/dataset/train/b255.jpg 63,121,162,194,0 48,206,108,316,0 102,300,216,358,0 131,213,184,272,1 189,122,243,174,1 268,149,324,206,1 262,273,316,329,1
./data/dataset/train/b254.jpg 104,93,158,197,0 209,106,262,207,0 190,241,265,349,0 158,111,211,164,1 140,186,194,237,1 117,231,167,285,1 279,197,334,256,1
./data/dataset/train/b240.jpg 72,122,120,225,0 128,75,208,177,0 159,243,211,357,0 172,182,223,236,1 238,225,290,280,1 274,165,324,223,1
./data/dataset/train/b268.jpg 75,216,155,315,0 212,145,270,258,0 94,174,152,228,1 141,132,196,183,1 263,97,312,151,1 278,180,332,239,1 202,256,257,314,1
./data/dataset/train/b297.jpg 60,154,156,237,0 145,196,218,296,0 251,141,338,241,0 101,299,208,347,0 63,232,115,286,1 292,138,342,189,1 200,323,262,385,1
./data/dataset/train/b283.jpg 223,100,278,207,0 70,201,173,266,0 100,281,208,337,0 234,243,282,353,0 132,179,183,231,1
./data/dataset/train/b320.jpg 70,114,157,210,0 173,168,274,246,0 90,224,157,331,0 191,296,302,352,0 288,172,337,228,1 223,237,276,292,1 104,313,157,369,1
./data/dataset/train/b446.jpg 205,20,297,122,0 58,78,146,184,0 179,133,288,224,0 75,206,155,323,0 129,179,233,278,0
./data/dataset/train/b452.jpg 185,126,296,177,0 139,138,251,234,0 75,147,139,262,0 117,207,183,323,0 145,201,213,315,0
./data/dataset/train/b334.jpg 116,156,201,255,0 236,150,333,237,0 134,246,189,303,1 275,121,327,170,1 245,215,303,274,1 310,265,364,319,1
./data/dataset/train/b308.jpg 226,124,279,232,0 169,321,280,379,0 64,213,111,269,1 227,240,279,298,1 290,194,343,248,1
./data/dataset/train/b122.jpg 140,132,245,195,0 251,176,356,242,0 258,90,310,144,1 183,226,242,285,1
./data/dataset/train/b136.jpg 119,110,176,217,0 199,157,293,247,0 202,124,251,181,1 300,173,351,229,1 145,269,203,327,1 261,266,317,327,1
./data/dataset/train/b23.jpg 179,63,239,176,0 186,211,274,322,0 277,109,337,167,1 159,16,216,71,1 97,34,152,88,1 128,69,179,120,1 149,112,202,171,1 66,162,122,221,1 114,164,171,221,1 160,158,218,215,1 214,159,268,216,1 26,212,81,266,1 75,216,129,275,1 124,220,184,279,1 174,209,230,263,1 69,273,128,330,1 135,275,194,331,1
./data/dataset/train/b37.jpg 247,87,301,199,0 140,128,191,243,0 25,164,135,231,0 69,55,128,109,1 160,66,217,122,1 206,92,260,146,1 111,82,167,135,1 77,118,132,177,1 192,141,248,194,1 187,188,246,243,1 85,199,144,254,1 142,241,205,294,1
./data/dataset/train/b33.jpg 167,45,266,139,0 64,128,182,175,0 171,140,283,216,0 239,175,293,294,0 143,7,197,60,1 88,34,146,87,1 92,83,145,135,1 262,50,317,103,1 216,88,277,143,1 278,96,338,152,1 286,172,339,229,1 197,193,259,252,1 117,175,174,235,1 145,271,202,325,1 196,256,253,310,1
./data/dataset/train/b27.jpg 102,69,205,167,0 110,112,228,188,0 134,226,245,308,0 66,24,123,78,1 234,86,293,143,1 82,74,135,125,1 46,123,105,176,1 36,164,93,209,1 24,194,77,251,1 82,199,141,254,1 160,178,216,235,1 203,142,263,197,1 256,179,309,236,1 209,204,262,259,1 157,281,214,337,1
./data/dataset/train/b132.jpg 192,158,253,263,0 247,162,292,267,0 140,58,192,111,1 307,124,360,177,1 111,239,164,292,1 281,260,336,310,1
./data/dataset/train/b126.jpg 188,220,296,291,0 226,75,274,126,1 246,142,303,193,1 154,169,208,219,1
./data/dataset/train/b330.jpg 171,183,216,292,0 223,192,289,301,0 327,165,385,271,0 134,144,183,196,1 196,121,245,173,1 266,145,318,197,1
./data/dataset/train/b456.jpg 149,19,253,91,0 111,21,220,105,0 231,78,317,180,0 223,120,312,226,0 161,112,234,230,0 101,151,175,262,0 26,117,83,230,0 60,241,171,325,0
./data/dataset/train/b442.jpg 109,63,221,134,0 95,134,196,233,0 9,168,120,224,0 31,207,142,257,0 53,232,162,292,0 101,239,211,317,0 183,202,292,278,0 208,271,325,323,0
./data/dataset/train/b324.jpg 137,96,191,199,0 321,119,375,225,0 266,221,372,272,0 205,180,261,233,1 176,251,230,307,1
./data/dataset/train/b318.jpg 129,98,202,197,0 245,167,343,256,0 218,251,268,363,0 107,196,161,256,1 199,199,248,249,1 157,315,206,370,1
./data/dataset/train/b287.jpg 87,120,191,174,0 238,143,336,234,0 217,209,317,295,0 51,196,110,302,0 96,284,156,344,1 189,271,247,325,1
./data/dataset/train/b293.jpg 179,90,260,186,0 67,147,128,251,0 127,181,235,234,0 57,232,130,342,0 217,245,279,353,0 168,239,220,295,1 283,262,333,318,1
./data/dataset/train/b244.jpg 100,168,146,276,0 169,142,224,253,0 219,246,316,336,0 117,82,172,137,1 50,117,99,176,1 52,216,105,271,1 250,118,306,177,1
./data/dataset/train/b250.jpg 92,137,155,241,0 187,229,262,333,0 192,127,247,187,1 54,207,108,261,1
./data/dataset/train/b278.jpg 173,97,274,159,0 147,172,216,287,0 228,214,315,310,0 105,211,152,269,1
./data/dataset/train/b279.jpg 102,78,203,142,0 95,179,201,231,0 260,174,327,283,0 155,301,211,357,1
./data/dataset/train/b251.jpg 137,129,223,229,0 199,120,302,181,0 63,152,114,206,1 230,177,283,232,1
./data/dataset/train/b245.jpg 208,137,310,212,0 161,177,259,263,0 48,168,147,246,0 90,83,143,138,1 54,256,104,314,1 145,247,194,307,1 196,283,253,344,1
./data/dataset/train/b292.jpg 176,93,278,149,0 183,148,270,248,0 280,158,333,268,0 105,219,208,287,0 90,287,196,365,0 116,156,170,213,1 198,278,253,337,1
./data/dataset/train/b286.jpg 87,121,188,173,0 54,192,109,300,0 247,187,312,304,0 280,155,335,265,0 192,269,243,327,1 98,287,154,342,1
./data/dataset/train/b319.jpg 187,124,247,236,0 248,121,301,227,0 66,226,137,332,0 96,187,149,243,1 144,217,202,273,1 182,287,238,342,1
./data/dataset/train/b443.jpg 132,2,246,46,0 83,33,192,87,0 183,36,238,147,0 1,57,95,159,0 45,63,134,167,0 81,64,167,173,0 239,133,300,245,0 223,223,335,308,0
./data/dataset/train/b325.jpg 217,102,294,202,0 306,141,387,245,0 247,226,354,283,0 153,99,209,153,1 183,192,236,247,1
./data/dataset/train/b331.jpg 288,154,384,236,0 209,179,310,260,0 259,89,313,144,1 152,88,205,143,1 109,158,166,212,1 169,232,223,291,1
./data/dataset/train/b457.jpg 87,63,160,171,0 20,100,113,206,0 28,192,144,260,0 64,222,181,276,0 142,118,196,228,0 231,169,310,286,0
./data/dataset/train/b127.jpg 334,138,377,242,0 175,242,280,314,0 142,167,192,221,1 192,108,247,163,1 229,167,280,222,1
./data/dataset/train/b133.jpg 206,176,293,275,0 156,98,211,155,1 277,135,334,189,1 110,236,169,292,1 262,268,318,327,1
./data/dataset/train/b26.jpg 86,233,201,298,0 244,155,295,268,0 283,139,334,251,0 112,32,167,85,1 109,93,162,148,1 38,176,94,236,1 104,147,158,203,1 114,199,171,256,1 156,140,209,196,1 190,98,248,154,1 203,159,258,218,1 194,214,251,270,1 194,266,253,320,1 146,288,208,349,1 253,91,307,144,1
./data/dataset/train/b32.jpg 88,234,187,330,0 120,84,170,198,0 156,100,268,172,0 149,139,234,249,0 105,37,157,90,1 154,23,208,77,1 162,74,227,121,1 73,100,134,161,1 21,124,73,181,1 41,251,99,312,1 179,290,238,352,1 188,195,250,256,1 272,80,327,141,1 264,156,320,211,1 253,206,315,263,1
./data/dataset/train/b18.jpg 214,47,307,145,0 73,266,185,336,0 170,212,230,325,0 238,202,320,313,0 113,32,172,91,1 31,108,86,168,1 86,82,140,137,1 69,167,125,225,1 102,130,154,183,1 149,103,201,163,1 199,83,253,139,1 266,45,322,100,1 246,170,303,228,1 204,223,263,281,1
./data/dataset/train/b24.jpg 56,66,109,177,0 181,65,242,173,0 188,210,268,325,0 249,170,318,288,0 101,31,154,89,1 158,18,213,75,1 134,70,185,119,1 153,119,204,167,1 273,107,333,166,1 69,176,116,223,1 116,166,166,218,1 167,162,217,215,1 215,163,268,214,1 27,203,82,259,1 78,223,127,275,1 126,222,179,275,1 174,212,227,263,1 72,272,126,325,1 135,271,185,331,1
./data/dataset/train/b30.jpg 162,46,274,117,0 142,141,213,253,0 31,109,88,165,1 30,192,80,248,1 75,210,131,262,1 185,103,238,155,1 238,89,288,148,1 208,152,261,210,1 188,204,245,266,1 253,209,309,270,1 160,257,216,316,1 217,254,271,314,1 183,308,235,364,1
./data/dataset/train/b125.jpg 173,226,278,280,0 156,132,208,177,1 253,153,306,207,1 160,177,213,226,1
./data/dataset/train/b131.jpg 161,143,238,240,0 130,217,218,318,0 125,124,173,177,1 236,139,283,197,1 320,184,374,239,1 231,271,288,330,1
./data/dataset/train/b119.jpg 177,107,281,155,0 97,171,174,273,0 274,90,342,200,0 200,187,250,244,1
./data/dataset/train/b327.jpg 221,118,325,176,0 139,204,221,304,0 201,295,308,349,0 250,192,303,246,1 333,206,383,257,1
./data/dataset/train/b441.jpg 179,20,285,108,0 125,36,223,133,0 48,90,134,195,0 98,87,176,195,0 16,182,127,238,0 173,143,285,221,0 49,204,156,293,0 99,200,204,293,0 182,185,286,281,0 216,272,330,325,0
./data/dataset/train/b455.jpg 57,155,127,268,0 104,125,206,225,0 98,179,205,269,0 204,166,312,214,0 227,203,335,251,0 179,202,251,321,0 95,256,208,304,0 56,286,172,343,0
./data/dataset/train/b333.jpg 120,84,208,174,0 223,117,321,188,0 164,208,218,265,1 309,186,360,240,1 213,257,266,314,1 268,242,319,295,1
./data/dataset/train/b290.jpg 64,134,150,229,0 149,185,243,278,0 235,143,289,251,0 215,319,263,414,0 196,98,249,150,1 248,97,302,151,1 101,289,154,345,1
./data/dataset/train/b284.jpg 101,120,145,225,0 181,121,275,206,0 153,221,251,305,0 154,323,257,369,0 49,141,104,194,1
./data/dataset/train/b253.jpg 149,91,209,197,0 186,216,253,323,0 56,154,110,210,1 208,142,261,200,1 124,257,172,312,1 254,249,309,307,1
./data/dataset/train/b247.jpg 66,153,137,249,0 226,182,327,248,0 218,120,271,174,1 119,255,172,310,1 264,229,319,284,1 132,313,186,370,1
./data/dataset/train/b508.jpg 62,138,146,237,0 167,158,268,239,0 149,261,244,366,0 33,245,131,340,0
./data/dataset/train/b246.jpg 111,158,208,237,0 140,225,241,277,0 135,274,245,344,0 134,69,189,124,1 287,154,340,212,1 248,255,302,306,1 85,287,137,345,1
./data/dataset/train/b252.jpg 158,98,231,199,0 116,302,227,360,0 56,157,112,212,1 141,199,194,258,1 234,183,286,240,1
./data/dataset/train/b285.jpg 112,103,212,158,0 120,166,183,271,0 174,216,230,329,0 243,241,312,353,0 70,197,120,257,1
./data/dataset/train/b291.jpg 187,139,266,240,0 285,162,333,269,0 105,218,212,286,0 90,287,196,365,0 166,85,218,139,1 117,155,172,209,1 197,281,253,335,1
./data/dataset/train/b454.jpg 64,30,115,139,0 104,3,181,82,0 112,11,185,120,0 187,7,286,79,0 208,46,301,142,0 164,45,262,145,0 97,84,201,163,0
./data/dataset/train/b332.jpg 277,77,367,164,0 194,159,298,229,0 175,96,226,150,1 114,138,167,194,1 213,227,265,281,1 328,214,383,272,1
./data/dataset/train/b326.jpg 168,79,216,185,0 270,147,375,217,0 150,182,256,258,0 179,246,232,304,1 274,219,327,277,1
./data/dataset/train/b440.jpg 21,106,70,217,0 51,81,108,188,0 71,55,129,170,0 97,15,208,96,0 201,54,251,167,0 203,11,291,111,0 232,100,304,210,0 277,106,345,214,0 73,186,120,301,0 102,199,155,320,0 134,179,186,288,0
./data/dataset/train/b118.jpg 102,79,188,176,0 254,75,310,181,0 221,239,324,319,0 162,167,223,223,1 297,152,352,209,1 150,271,206,330,1
./data/dataset/train/b130.jpg 158,138,256,216,0 153,231,256,311,0 166,75,220,128,1 278,127,335,186,1 280,255,336,310,1 244,295,300,347,1
./data/dataset/train/b124.jpg 285,138,352,240,0 167,103,220,157,1 209,199,262,258,1 137,229,189,283,1
./data/dataset/train/b31.jpg 179,55,291,103,0 85,89,191,168,0 112,143,181,259,0 143,138,223,247,0 56,80,110,133,1 108,58,161,108,1 194,103,243,154,1 242,94,297,150,1 226,148,282,202,1 185,191,241,239,1 230,210,290,265,1 188,244,244,296,1 130,243,185,300,1 60,244,123,302,1 67,182,120,238,1
./data/dataset/train/b25.jpg 67,152,156,251,0 211,148,291,260,0 251,143,327,258,0 26,172,82,229,1 49,119,110,158,1 162,59,216,112,1 221,55,276,106,1 123,99,177,152,1 197,107,254,155,1 254,97,312,149,1 111,150,169,200,1 192,154,248,208,1 153,182,208,234,1 135,231,194,284,1 174,266,235,323,1
./data/dataset/train/b19.jpg 142,45,205,156,0 208,128,318,216,0 145,174,251,256,0 97,177,203,275,0 105,31,161,83,1 176,81,236,139,1 230,93,286,156,1 162,134,220,186,1 57,59,116,112,1 98,78,154,132,1 16,88,75,144,1 87,128,144,182,1 33,139,87,193,1 39,185,100,238,1
./data/dataset/train/b42.jpg 242,65,317,175,0 23,131,130,217,0 238,187,315,300,0 138,29,194,81,1 112,74,170,131,1 55,92,110,147,1 194,81,247,135,1 220,132,278,192,1 149,111,206,164,1 120,152,182,209,1 73,169,131,230,1 155,189,213,249,1 208,185,268,238,1 113,217,171,271,1
./data/dataset/train/b56.jpg 143,93,214,194,0 229,199,336,244,0 275,117,327,169,1 150,238,208,292,1
./data/dataset/train/b81.jpg 259,119,365,176,0 120,185,164,292,0 264,238,360,332,0 242,68,296,119,1 217,164,270,221,1 176,217,229,271,1
./data/dataset/train/b95.jpg 250,71,350,142,0 92,90,172,188,0 135,282,243,347,0 188,83,241,137,1 146,162,198,214,1 217,160,270,215,1 315,150,367,208,1 249,241,305,294,1
./data/dataset/train/b143.jpg 166,123,268,174,0 228,228,327,313,0 110,122,164,174,1 234,163,291,214,1 285,178,339,231,1 162,241,217,297,1
./data/dataset/train/b157.jpg 236,67,294,173,0 168,254,268,339,0 166,68,217,125,1 164,194,217,244,1 224,215,275,264,1 306,220,360,273,1
./data/dataset/train/b382.jpg 271,122,380,179,0 185,289,294,347,0 110,154,162,204,1 266,209,320,261,1 125,219,177,274,1
./data/dataset/train/b396.jpg 365,157,410,263,0 159,137,238,231,0 224,217,272,324,0 260,263,358,349,0 241,131,295,178,1 156,237,206,290,1
./data/dataset/train/b369.jpg 235,160,286,267,0 280,207,379,285,0 109,185,199,274,0 339,157,392,209,1 174,123,227,173,1 200,271,253,324,1
./data/dataset/train/b341.jpg 216,171,300,265,0 132,104,192,206,0 174,114,223,162,1 217,141,272,193,1 266,232,318,283,1 108,178,161,232,1
./data/dataset/train/b427.jpg 26,110,142,173,0 135,132,209,247,0 177,149,261,259,0 48,184,164,249,0 138,248,253,296,0 114,285,232,335,0
./data/dataset/train/b433.jpg 120,25,194,131,0 179,43,230,155,0 138,71,196,186,0 33,98,125,196,0 90,132,150,244,0 -13,140,54,247,0 50,152,112,263,0 125,163,238,226,0 166,205,277,253,0 63,241,173,305,0 90,280,208,334,0
./data/dataset/train/b355.jpg 112,88,189,187,0 283,166,384,226,0 248,100,300,149,1 203,160,259,211,1 124,238,177,291,1 283,293,335,345,1
./data/dataset/train/b235.jpg 177,92,253,190,0 139,174,241,230,0 213,228,318,281,0 171,247,247,353,0 82,97,138,145,1 112,124,167,173,1 67,141,116,188,1 90,274,142,325,1
./data/dataset/train/b221.jpg 141,120,247,172,0 55,186,132,281,0 179,233,238,338,0 154,80,206,130,1 52,163,102,216,1 138,167,192,218,1 220,169,274,219,1 264,141,316,192,1 141,258,189,308,1
./data/dataset/train/b220.jpg 156,137,260,201,0 58,216,161,280,0 186,276,291,348,0 153,89,205,137,1 264,140,315,187,1 73,182,124,235,1 157,182,216,229,1 228,201,278,252,1 184,262,238,310,1
./data/dataset/train/b234.jpg 159,150,262,221,0 268,173,320,280,0 61,174,138,271,0 177,235,232,339,0 160,77,215,130,1 132,124,187,171,1 127,233,181,285,1 75,254,127,307,1
./data/dataset/train/b432.jpg 125,0,211,100,0 186,34,302,78,0 135,68,243,145,0 168,71,277,144,0 266,81,366,167,0 218,123,333,172,0 99,118,196,222,0 181,162,293,208,0 191,192,303,244,0 300,155,377,263,0
./data/dataset/train/b354.jpg 261,71,306,178,0 228,231,292,339,0 150,135,204,190,1 229,175,283,228,1 309,214,360,270,1 157,232,209,285,1
./data/dataset/train/b340.jpg 261,155,327,260,0 188,238,277,336,0 342,167,392,218,1 120,182,173,235,1 142,278,194,333,1 280,268,332,324,1
./data/dataset/train/b426.jpg 198,29,303,117,0 271,110,322,222,0 42,222,156,285,0 37,129,122,230,0 85,268,194,328,0
./data/dataset/train/b368.jpg 300,185,401,262,0 194,163,302,241,0 141,263,248,345,0 294,104,348,157,1 142,142,196,196,1 291,271,345,326,1
./data/dataset/train/b397.jpg 304,172,404,254,0 321,226,400,328,0 223,157,322,249,0 206,87,262,142,1 164,252,217,305,1
./data/dataset/train/b383.jpg 349,172,397,280,0 221,174,273,275,0 283,144,339,196,1 293,263,345,321,1 192,313,246,366,1
./data/dataset/train/b156.jpg 226,172,300,278,0 161,133,239,230,0 174,100,226,146,1 291,93,342,141,1 270,133,324,182,1
./data/dataset/train/b142.jpg 179,59,231,162,0 192,178,264,285,0 277,230,375,325,0 132,66,183,122,1 243,142,295,188,1 320,110,370,162,1 114,166,168,219,1 161,275,213,328,1
./data/dataset/train/b94.jpg 131,82,223,173,0 92,174,199,230,0 185,236,230,342,0 312,132,369,189,1 241,161,292,216,1 312,222,368,274,1
./data/dataset/train/b80.jpg 283,133,370,230,0 120,184,160,295,0 241,67,301,122,1 122,96,172,146,1 197,152,250,205,1 226,219,281,274,1 192,260,248,310,1
./data/dataset/train/b57.jpg 198,72,270,176,0 144,93,214,194,0 229,197,337,249,0 273,117,332,173,1 150,235,209,291,1 285,249,342,307,1
./data/dataset/train/b43.jpg 239,77,291,189,0 79,119,141,236,0 175,247,275,339,0 145,26,202,80,1 101,72,159,130,1 48,111,102,167,1 149,107,206,162,1 198,110,253,171,1 122,162,181,215,1 177,158,235,211,1 220,185,281,241,1 161,205,221,261,1 113,221,170,274,1 132,271,192,328,1
./data/dataset/train/b55.jpg 208,69,260,174,0 230,203,285,310,0 315,143,370,199,1 132,207,189,261,1
./data/dataset/train/b41.jpg 235,60,298,175,0 23,175,134,226,0 197,231,302,323,0 127,69,181,126,1 174,111,229,167,1 69,125,127,178,1 146,152,203,209,1 219,163,279,217,1 194,207,251,265,1 141,226,202,283,1 67,220,125,279,1 95,267,155,325,1
./data/dataset/train/b69.jpg 327,143,374,250,0 102,233,208,285,0 270,112,321,166,1 162,146,216,197,1 209,162,263,214,1 253,222,303,281,1
./data/dataset/train/b96.jpg 214,60,315,120,0 95,88,171,189,0 135,279,245,348,0 234,120,289,172,1 303,142,352,196,1 157,139,214,194,1 273,215,328,270,1 171,226,224,280,1
./data/dataset/train/b168.jpg 143,62,242,132,0 170,132,275,179,0 266,161,370,208,0 259,201,343,300,0 199,186,251,237,1 135,203,191,254,1
./data/dataset/train/b82.jpg 174,96,275,150,0 257,197,358,274,0 142,281,247,347,0 274,104,324,164,1 111,112,164,166,1 209,211,263,268,1
./data/dataset/train/b154.jpg 209,226,266,336,0 157,93,209,146,1 236,123,290,177,1 300,236,357,291,1 168,258,220,311,1
./data/dataset/train/b140.jpg 96,182,198,229,0 315,172,369,279,0 214,178,275,286,0 249,96,302,145,1 186,119,238,167,1 114,128,168,177,1 154,217,206,271,1 177,285,236,338,1
./data/dataset/train/b395.jpg 310,161,392,258,0 266,281,370,336,0 175,140,273,208,0 116,175,157,282,0 251,126,302,179,1 211,230,268,285,1
./data/dataset/train/b381.jpg 294,194,398,241,0 197,304,305,357,0 185,154,241,204,1 304,278,358,328,1 138,249,189,303,1
./data/dataset/train/b418.jpg 49,39,114,158,0 184,103,291,190,0 48,176,130,285,0 208,211,301,310,0
./data/dataset/train/b356.jpg 266,135,324,246,0 159,219,230,326,0 230,69,280,117,1 339,147,392,201,1 153,171,206,218,1 291,271,346,324,1
./data/dataset/train/b430.jpg 179,82,290,140,0 209,130,318,178,0 138,115,230,217,0 245,160,288,275,0 125,160,221,256,0 96,211,177,313,0 159,226,253,326,0
./data/dataset/train/b424.jpg 68,19,184,86,0 139,62,194,174,0 204,115,318,197,0 21,87,97,203,0 57,186,149,294,0 100,214,196,315,0 164,169,248,273,0 238,187,318,295,0
./data/dataset/train/b342.jpg 185,147,232,254,0 229,197,320,285,0 143,102,194,152,1 253,157,306,206,1 342,175,392,230,1 166,264,220,318,1
./data/dataset/train/b222.jpg 152,145,198,252,0 68,211,159,305,0 53,162,104,216,1 224,156,279,207,1 258,211,313,263,1 159,275,217,327,1 112,306,164,365,1
./data/dataset/train/b236.jpg 125,65,220,125,0 192,107,283,200,0 221,186,320,270,0 135,228,234,313,0 80,93,130,142,1 104,145,156,196,1 84,261,132,313,1 124,292,175,345,1
./data/dataset/train/b237.jpg 192,101,294,162,0 280,156,331,265,0 138,99,181,199,0 69,157,162,237,0 34,211,85,263,1 160,239,216,294,1 211,286,263,340,1 88,271,142,326,1
./data/dataset/train/b223.jpg 153,146,199,251,0 223,204,331,258,0 70,214,160,300,0 164,98,216,147,1 54,162,101,215,1 182,232,231,282,1 235,268,292,319,1 143,292,200,345,1
./data/dataset/train/b425.jpg 130,11,181,117,0 213,39,307,141,0 46,72,141,173,0 139,97,251,156,0 146,141,250,226,0 197,137,310,190,0 41,150,154,214,0 99,205,211,259,0 229,187,315,296,0
./data/dataset/train/b343.jpg 209,146,305,238,0 157,167,205,278,0 294,82,345,134,1 171,104,227,154,1 289,209,343,263,1 111,124,162,175,1
./data/dataset/train/b357.jpg 209,139,289,241,0 228,209,332,276,0 307,144,363,194,1 172,87,224,134,1 125,186,175,241,1 166,274,223,327,1
./data/dataset/train/b431.jpg 98,21,209,92,0 175,72,290,124,0 90,100,203,155,0 264,122,310,233,0 110,137,224,203,0 105,171,217,253,0 174,218,263,327,0 27,149,86,263,0 60,145,128,258,0
./data/dataset/train/b419.jpg 182,115,293,189,0 120,115,164,228,0 150,140,214,258,0 39,220,155,271,0
./data/dataset/train/b380.jpg 268,174,370,230,0 149,274,250,353,0 142,130,198,185,1 203,216,259,267,1 270,268,321,317,1
./data/dataset/train/b394.jpg 231,93,321,184,0 285,172,389,241,0 154,125,205,233,0 264,273,374,326,0 316,111,369,162,1
./data/dataset/train/b141.jpg 146,117,243,208,0 183,142,253,250,0 262,190,367,256,0 129,63,181,118,1 295,113,346,162,1 258,142,310,193,1 120,228,173,282,1 167,295,224,350,1
./data/dataset/train/b155.jpg 96,147,196,222,0 229,194,286,304,0 161,96,209,146,1 236,124,289,176,1 312,211,363,265,1 185,215,239,270,1
./data/dataset/train/b83.jpg 191,89,263,189,0 290,197,366,305,0 168,192,213,300,0 294,97,345,146,1 116,141,166,190,1 206,182,260,233,1
./data/dataset/train/b97.jpg 174,48,278,104,0 309,104,378,211,0 196,100,247,209,0 90,90,171,189,0 135,280,245,349,0 152,139,208,197,1 172,226,227,279,1 253,228,309,281,1
./data/dataset/train/b68.jpg 119,100,188,204,0 97,238,203,286,0 253,65,301,115,1 285,124,337,178,1 223,157,274,211,1 248,224,303,278,1
./data/dataset/train/b40.jpg 234,60,302,174,0 22,174,139,228,0 203,218,303,315,0 113,86,168,139,1 172,120,234,175,1 69,124,131,178,1 162,174,218,228,1 216,178,273,239,1 135,217,188,271,1 78,209,134,261,1
./data/dataset/train/b54.jpg 229,80,321,167,0 232,214,322,310,0 181,207,234,318,0 189,68,239,118,1 270,171,321,220,1 113,175,166,230,1
./data/dataset/train/b78.jpg 101,131,189,219,0 160,192,248,285,0 200,222,285,318,0 146,110,199,160,1 229,123,279,175,1 304,109,357,162,1 286,197,343,252,1
./data/dataset/train/b44.jpg 171,93,285,158,0 60,173,149,279,0 189,203,251,317,0 101,45,157,102,1 261,169,317,226,1 12,109,65,164,1 57,102,117,160,1 116,104,172,158,1 104,157,164,215,1 171,154,226,211,1 140,214,200,270,1
./data/dataset/train/b151.jpg 194,207,298,286,0 248,117,303,167,1 164,152,220,203,1
./data/dataset/train/b145.jpg 130,114,234,185,0 243,250,348,319,0 256,122,307,171,1 95,158,146,209,1 236,200,291,251,1 166,264,219,315,1
./data/dataset/train/b93.jpg 274,78,361,172,0 157,160,242,262,0 194,286,304,340,0 177,66,231,119,1 250,176,309,229,1 123,146,179,199,1
./data/dataset/train/b87.jpg 181,57,285,103,0 203,134,307,193,0 185,200,277,291,0 320,139,374,188,1 110,150,166,203,1 128,199,181,248,1 302,241,349,297,1
./data/dataset/train/b390.jpg 266,129,370,182,0 172,203,249,301,0 206,260,310,342,0 360,160,411,208,1 248,176,301,228,1 109,233,162,285,1
./data/dataset/train/b384.jpg 123,112,202,209,0 291,209,396,286,0 343,161,397,211,1 155,218,209,275,1 170,283,223,338,1
./data/dataset/train/b435.jpg 164,0,272,44,0 134,4,246,59,0 33,24,132,108,0 65,42,174,117,0 128,54,234,140,0 164,56,270,141,0 21,99,131,171,0 90,129,206,182,0 70,146,182,199,0 235,110,307,224,0 130,190,246,236,0 230,192,323,296,0 113,280,226,332,0
./data/dataset/train/b353.jpg 145,206,211,315,0 231,238,298,349,0 185,72,238,125,1 128,187,182,236,1 209,233,266,286,1 324,252,367,304,1
./data/dataset/train/b347.jpg 102,113,174,215,0 236,190,283,304,0 181,224,238,337,0 192,126,243,175,1 277,154,332,206,1 332,175,381,228,1 285,274,336,327,1
./data/dataset/train/b421.jpg 191,29,292,118,0 90,15,192,108,0 56,102,132,206,0 16,111,90,217,0 38,171,138,270,0 69,187,173,282,0 141,154,238,261,0 194,152,280,262,0 228,134,320,243,0 128,260,245,311,0 96,282,211,332,0
./data/dataset/train/b409.jpg 230,89,274,194,0 285,125,363,226,0 350,173,395,283,0 247,211,337,308,0 164,162,216,216,1 160,273,211,327,1 221,303,278,356,1
./data/dataset/train/b227.jpg 143,102,202,211,0 182,196,268,291,0 41,199,107,306,0 58,145,111,197,1 246,144,300,196,1 90,194,144,247,1 128,271,176,324,1 182,276,232,325,1 279,241,333,293,1
./data/dataset/train/b233.jpg 90,71,196,135,0 125,145,230,201,0 175,207,285,268,0 124,276,228,348,0 93,123,149,175,1 259,130,312,184,1 277,200,328,248,1 43,219,93,271,1
./data/dataset/train/b232.jpg 155,85,257,164,0 53,176,96,279,0 92,182,139,286,0 117,236,197,334,0 185,238,238,348,0 138,78,184,130,1 206,149,260,200,1 261,171,313,221,1 257,233,307,283,1
./data/dataset/train/b226.jpg 56,144,101,182,1 45,205,73,244,0
./data/dataset/train/b408.jpg 243,119,343,173,0 209,195,312,261,0 297,233,347,342,0 358,237,462,295,0 189,91,242,144,1 144,228,198,288,1 349,168,404,228,1
./data/dataset/train/b346.jpg 116,122,212,197,0 113,180,217,251,0 131,213,230,292,0 250,110,306,165,1 268,161,316,209,1 292,224,342,278,1 270,281,324,338,1
./data/dataset/train/b420.jpg 123,19,231,89,0 72,52,181,99,0 230,26,275,139,0 147,69,213,176,0 179,90,268,185,0 205,85,306,173,0 52,97,162,137,0 49,119,108,231,0 71,128,164,176,0 108,163,220,225,0 194,170,300,247,0 125,196,234,263,0 33,217,139,262,0 95,239,204,301,0 67,256,176,333,0 102,266,220,330,0
./data/dataset/train/b434.jpg 20,144,128,215,0 73,60,147,172,0 146,1,206,108,0 99,80,172,188,0 213,26,296,128,0 197,50,271,164,0 170,100,231,210,0 147,142,229,245,0 220,112,340,189,0 230,158,345,219,0 204,200,316,277,0 223,224,330,303,0
./data/dataset/train/b352.jpg 185,109,266,210,0 181,276,292,340,0 218,63,274,119,1 291,99,342,155,1 198,214,245,271,1 316,232,365,288,1
./data/dataset/train/b385.jpg 128,151,173,212,0 236,223,319,272,0 189,219,238,275,1 109,241,162,291,1 192,296,246,348,1
./data/dataset/train/b391.jpg 268,114,374,169,0 164,204,249,308,0 208,259,305,349,0 115,231,164,287,1
./data/dataset/train/b86.jpg 131,81,231,158,0 205,141,307,224,0 111,209,218,278,0 276,85,327,137,1 332,171,383,226,1 224,275,287,340,1
./data/dataset/train/b92.jpg 271,80,361,177,0 194,292,306,345,0 177,64,227,121,1 129,148,179,202,1 243,176,297,231,1
./data/dataset/train/b144.jpg 187,92,263,197,0 242,233,352,305,0 104,136,153,194,1 228,150,277,201,1 312,159,366,215,1 164,245,217,299,1
./data/dataset/train/b150.jpg 194,109,243,219,0 149,262,256,323,0 108,147,162,203,1 265,109,320,163,1 268,208,321,263,1
./data/dataset/train/b45.jpg 115,61,215,158,0 213,137,330,183,0 116,217,188,333,0 182,228,268,335,0 87,37,143,90,1 73,176,128,230,1 120,158,174,212,1 159,130,216,185,1 170,181,220,234,1 166,236,216,285,1 223,179,268,232,1 273,170,323,224,1
./data/dataset/train/b51.jpg 268,112,366,192,0 134,133,235,206,0 123,225,199,336,0 253,249,351,338,0 179,108,229,157,1 254,177,306,233,1 194,223,246,278,1
./data/dataset/train/b79.jpg 100,130,186,223,0 153,221,258,296,0 152,107,199,158,1 230,121,282,176,1 305,109,360,164,1 290,197,342,251,1 239,272,298,332,1
./data/dataset/train/b53.jpg 87,224,172,318,0 188,133,242,238,0 257,169,360,238,0 131,107,181,167,1 280,91,334,150,1 249,261,302,317,1
./data/dataset/train/b146.jpg 86,152,179,245,0 174,221,247,330,0 247,208,303,261,1 253,129,306,181,1 212,74,265,125,1
./data/dataset/train/b152.jpg 198,211,286,310,0 166,148,219,204,1 253,115,302,170,1 242,202,295,254,1
./data/dataset/train/b84.jpg 192,67,297,118,0 90,188,183,273,0 172,192,219,300,0 243,216,327,318,0 317,171,371,275,0 119,139,171,189,1 241,147,296,206,1 318,110,372,164,1
./data/dataset/train/b90.jpg 224,64,327,129,0 105,152,200,238,0 176,227,232,333,0 175,102,223,152,1 219,164,271,218,1 258,233,315,296,1 290,154,342,210,1
./data/dataset/train/b387.jpg 288,141,389,200,0 213,203,319,262,0 227,289,331,366,0 175,103,230,155,1 233,164,287,214,1 335,244,384,299,1
./data/dataset/train/b393.jpg 177,149,281,214,0 127,169,183,278,0 200,225,305,303,0 288,149,393,210,0 370,194,424,249,1
./data/dataset/train/b422.jpg 62,21,174,85,0 16,74,90,184,0 64,118,173,187,0 168,93,276,154,0 205,142,321,198,0 175,156,291,215,0 67,165,164,259,0 137,200,256,260,0 113,222,230,281,0
./data/dataset/train/b344.jpg 179,163,286,224,0 254,64,305,170,0 327,114,383,177,1 101,215,158,276,1 233,221,286,275,1 273,274,327,328,1
./data/dataset/train/b350.jpg 279,142,353,251,0 170,295,277,358,0 107,137,158,192,1 162,108,215,166,1 173,192,228,248,1 340,145,385,202,1
./data/dataset/train/b436.jpg 60,26,164,117,0 75,70,177,162,0 98,159,167,275,0 130,126,184,242,0 172,76,228,184,0 209,51,268,164,0 268,57,328,164,0 208,120,293,229,0 177,184,236,298,0 211,162,297,272,0 258,161,325,273,0 306,127,372,238,0 196,270,305,338,0 298,233,350,346,0
./data/dataset/train/b378.jpg 187,144,235,251,0 244,96,350,156,0 283,174,390,227,0 143,256,197,308,1 212,268,265,329,1
./data/dataset/train/b230.jpg 40,209,109,310,0 87,125,160,227,0 182,108,241,209,0 227,180,304,280,0 212,68,263,119,1 271,141,322,194,1 129,236,181,295,1 234,262,288,319,1
./data/dataset/train/b224.jpg 68,202,153,290,0 127,216,192,318,0 102,95,149,148,1 199,203,256,259,1 214,261,268,316,1 92,296,145,352,1
./data/dataset/train/b218.jpg 158,164,262,218,0 141,210,248,257,0 149,243,201,350,0 92,78,142,130,1 54,164,108,216,1 212,126,268,177,1 250,192,304,247,1 246,256,302,312,1
./data/dataset/train/b219.jpg 50,148,143,227,0 141,111,200,218,0 98,233,185,332,0 96,100,147,150,1 54,224,107,278,1 218,89,272,139,1 232,145,285,201,1 206,251,263,310,1 274,180,327,232,1
./data/dataset/train/b225.jpg 52,179,155,228,0 161,165,247,262,0 77,237,176,311,0 98,96,154,150,1 232,105,283,161,1 190,134,245,189,1 157,257,212,311,1 262,209,318,263,1
./data/dataset/train/b231.jpg 56,176,104,281,0 120,186,219,266,0 167,94,253,183,0 184,237,238,348,0 137,75,187,129,1 208,147,265,199,1 263,169,312,223,1 256,234,310,288,1
./data/dataset/train/b379.jpg 127,232,234,310,0 300,232,349,338,0 189,145,238,202,1 260,168,310,225,1 249,301,301,357,1
./data/dataset/train/b351.jpg 226,82,327,128,0 266,163,376,222,0 153,132,201,185,1 150,195,208,251,1 143,253,196,304,1 270,276,322,331,1
./data/dataset/train/b437.jpg -17,34,82,126,0 -22,75,68,177,0 79,36,134,149,0 68,67,114,176,0 125,33,214,132,0 104,103,172,215,0 201,75,253,186,0 26,129,86,240,0 -2,166,71,277,0 69,173,138,281,0 114,142,184,256,0 158,130,213,244,0 204,187,313,242,0 80,277,189,329,0 185,236,290,329,0
./data/dataset/train/b423.jpg 16,77,88,184,0 64,8,168,89,0 124,16,238,89,0 167,40,274,97,0 149,81,257,138,0 46,99,156,184,0 37,140,145,230,0 119,120,223,208,0 107,162,216,251,0 253,85,297,197,0 174,212,257,325,0
./data/dataset/train/b345.jpg 194,108,302,181,0 112,215,190,316,0 171,167,223,219,1 318,108,371,162,1 336,207,392,266,1 253,284,313,342,1
./data/dataset/train/b392.jpg 117,159,166,266,0 238,179,286,284,0 291,154,389,202,0 334,212,404,317,0 280,277,334,334,1
./data/dataset/train/b386.jpg 122,105,208,202,0 130,240,218,337,0 235,202,328,299,0 260,148,312,200,1 323,124,379,174,1 337,262,389,317,1
./data/dataset/train/b91.jpg 84,109,150,217,0 192,60,270,159,0 323,136,380,245,0 226,108,279,161,1 135,167,192,223,1 149,249,203,307,1 227,278,282,333,1
./data/dataset/train/b85.jpg 138,79,232,156,0 241,73,291,173,0 107,159,209,215,0 137,225,233,314,0 224,186,327,238,0 286,73,336,127,1 340,168,392,227,1 230,256,283,311,1
./data/dataset/train/b153.jpg 227,124,279,230,0 160,134,213,187,1 191,171,242,222,1 256,103,309,159,1 264,157,317,211,1
./data/dataset/train/b147.jpg 141,114,203,219,0 172,222,243,328,0 228,143,285,197,1 250,224,305,280,1 297,150,350,207,1
./data/dataset/train/b52.jpg 172,143,275,212,0 87,219,175,318,0 219,197,324,278,0 256,248,354,338,0 160,68,212,121,1 277,92,332,149,1 162,206,214,258,1
./data/dataset/train/b46.jpg 82,102,175,201,0 172,48,217,159,0 264,119,320,233,0 132,248,246,331,0 26,144,77,202,1 31,200,88,256,1 87,200,140,254,1 132,151,190,207,1 189,153,245,210,1 139,203,196,256,1 226,188,280,243,1 187,219,243,274,1
